2761 2782 2046 3674 1889 6044 7673 2424 1082 3429 16173
1913 1683 1541 2187 1165 4011 4493 1931 717 2305 10517
3115 3094 2357 3585 2286 7045 8180 2873 1560 4503 18344
2443 2302 2333 3187 1824 5375 6155 2450 1329 2632 13848
3740 3223 3223 4303 2561 7178 9112 3647 1613 4356 19321
4058 3547 3655 4727 2913 9135 9804 4095 1710 3836 22176
759 649 750 803 560 1557 2065 648 252 1027 4246
3030 4277 2784 4675 2844 7547 9503 3198 1409 4979 20339
3253 4094 2885 4037 3854 7449 10615 3910 2051 4428 21324
2459 2577 2192 2971 2286 5485 6778 2714 1132 2924 14476
2019 1693 1918 2407 1213 4330 4213 2473 983 1822 10064
2499 2483 2183 3301 1900 5514 7011 2829 1324 2766 15081
1927 2294 1785 2414 1776 4669 5768 2277 864 2291 12240
1037 1313 1081 1516 1058 2595 3115 1258 502 1499 6821
1584 1354 1473 1871 1100 3443 4328 1422 588 2206 9085
3237 3605 3042 3962 2778 6794 9691 3230 1876 4215 19756
4018 3982 3628 5041 2808 9616 10917 4007 2141 3895 24387
2651 2286 2340 2841 2119 5422 6997 2347 1114 3455 14700
7915 7385 6788 9186 6133 16879 20141 7619 3524 9648 44089
5479 5128 4621 6459 4061 11734 13481 5316 2409 6356 30159
362 309 514 570 256 983 1248 445 166 557 2663
3152 4088 2840 3980 3188 7138 10386 3691 1915 4358 21030
3456 3166 3004 4017 2778 7846 9276 3699 1718 3732 19867
2586 3002 2386 3158 2677 6270 7796 2687 1203 3930 16174
7309 5992 5619 7923 4415 14621 16105 6451 3185 7372 36967
3196 2981 2616 4317 2405 7047 9056 2996 1479 3820 19325
3990 3737 3446 4735 3013 8279 11323 3830 1738 4694 23175
6648 5459 5406 8180 3911 12910 15138 6618 2978 6222 33842
4441 3773 3455 4895 2595 8784 10513 3854 1850 4288 23447
3276 3021 2861 3777 2262 7240 8891 3105 1560 3520 18942
5188 4779 4265 6380 4400 10399 14154 5125 2413 6307 29306
1348 1188 1174 1755 910 3140 3321 1342 543 1885 7815
2343 3302 2034 2848 2472 5602 7301 2583 1335 3539 15451
4954 3832 3391 5832 2285 11129 9268 4847 1887 4229 24621
246 188 286 258 199 543 852 244 86 419 1715
2122 2318 1888 2633 1893 5225 5764 2240 1067 2820 12740
10012 8174 8467 11582 6297 19938 23628 8945 4226 9840 52858
3563 3589 3166 4134 3209 8319 10641 3708 1870 4536 22014
513 598 526 731 477 1296 1661 570 257 915 3627
2710 2344 2444 2681 2173 5817 7027 2653 1385 2983 15185
5793 5485 4960 6349 4842 11480 15712 6023 2711 6328 32173
1383 1228 1145 1603 1109 2917 3654 1441 623 1665 8188
6574 6455 5433 7906 5103 14293 19676 6262 3532 9197 40950
1328 1243 1166 1436 1030 3017 3679 1309 581 1595 7822
940 829 810 1007 683 1866 2556 874 484 1029 5365
2547 2705 2402 2859 2055 5683 7697 2606 1511 3072 15925
2805 2982 2531 3290 2538 6930 8346 3073 1586 3276 17774
250 263 314 295 221 628 932 241 131 497 1948
288 278 356 389 229 669 987 301 107 584 2027
215 158 278 245 134 513 673 205 61 337 1469
6116 5346 5339 7482 4202 12303 15418 6091 2921 6145 33872
3867 3433 3527 4268 2958 7745 9832 3827 1710 4364 21124
6545 6357 5154 7328 4809 14267 16191 6564 3265 6591 36363
5167 4658 4171 6253 3804 11134 14269 5057 2498 5411 30312
3373 2853 2889 3858 2297 6719 7999 3396 1484 3392 17357
1041 1011 963 1129 890 2318 2949 1078 456 1386 6113
3243 3716 3047 3467 3309 7467 9716 3634 1920 4042 20404
3966 3790 3398 4447 2746 8648 10344 4162 1825 4401 22083
2703 3705 2527 3481 3131 6311 8717 3119 1109 4017 17346
137 137 208 159 137 365 639 135 57 312 1246
183 154 260 239 118 431 632 170 73 342 1351
2908 2976 2566 3573 2199 6001 7718 2887 1495 3106 16651
1698 2446 1472 2495 1827 4229 6060 1788 967 2926 12249
456 422 540 605 351 1043 1478 507 174 629 2959
1348 1199 1215 1661 1022 2690 3583 1407 690 1411 7569
886 1010 796 1120 811 1949 2585 812 388 1304 5335
5398 4376 4490 5367 4161 10836 12385 4719 2952 5029 27269
2068 2922 2189 2600 2713 4772 7718 2917 1325 3109 14732
1765 2104 1821 2074 1839 4062 6235 2231 1096 2359 12132
2405 2372 1887 2767 1940 4881 6507 2524 1251 2811 13690
2409 2960 2381 2923 2584 5435 8257 2965 1402 3307 16051
2672 3031 2561 3271 2720 5977 8247 3495 1608 3332 16979
2772 2031 2306 3188 1569 5321 5852 2643 1233 2468 13585
260 141 320 274 146 553 657 261 71 334 1467
4911 6255 4115 7021 4431 11012 13747 5602 1878 6638 29316
4080 3827 3384 4923 2825 8789 10214 4430 1923 4507 22661
2426 2086 2082 2850 1515 5098 6033 2492 1057 2992 13335
5026 4589 4250 6170 3838 10612 12757 5308 2483 4796 28416
6657 6765 5670 7760 5198 14541 16369 7357 3251 7076 36464
396 366 451 452 272 1069 1231 511 159 536 2776
1375 1226 1240 1707 912 2616 3299 1180 513 1800 7275
321 294 330 365 294 758 953 285 118 482 2052
2527 3006 2595 3571 2218 6280 7502 3009 1017 3711 15907
995 775 933 1047 751 2115 2400 1022 426 1104 5268
1373 1519 1102 1809 1483 2834 4371 1298 738 1735 8691
3676 4246 3398 4463 3703 8740 11490 4053 1839 5193 23494
1458 1400 1401 1868 1413 3159 4195 1764 710 1784 8733
3028 3067 2661 3401 2241 6659 8360 2971 1577 3807 17930
3269 2938 2811 3856 2015 7779 8242 3456 1528 3541 19044
7514 7654 6612 8623 5871 16881 20209 7704 3724 8627 44366
3760 3581 3229 4453 2522 8062 9397 3598 2022 4031 21314
1281 1370 1235 1612 1112 2803 3651 1488 609 1444 7786
5235 5794 4404 6456 5000 11347 14123 6913 3100 4620 30279
4301 3881 3457 5400 3220 9219 11452 4137 1978 5450 24866
3022 2812 2719 3297 2272 6403 8389 2962 1794 3624 17577
404 555 403 480 531 920 1566 436 240 761 2952
6235 5775 5318 7566 4345 13879 17503 5794 3027 8137 37006
281 389 362 367 397 716 1379 349 159 659 2483
4792 4853 3848 5469 3566 10195 12759 4812 2745 5855 27579
1063 978 1040 1171 719 2132 2648 1019 430 1259 5845
7383 7064 7108 9175 6330 16305 17896 7634 2908 8095 39710
1802 1608 1575 1880 1134 3641 4648 1735 684 2054 9756
2755 2958 2390 3348 2286 5910 7925 2887 1449 3061 16750
3600 3045 3366 3985 2330 7782 8887 3467 1681 3736 19699
3038 3529 2382 3968 2354 7217 8517 2626 1051 4851 18785
5482 5309 4938 6697 3681 14157 14693 5540 1973 7966 34329
3071 2561 2725 3659 1790 6032 6836 2648 1204 3226 15997
213 174 275 237 143 510 739 203 81 358 1526
533 453 359 491 360 1037 1667 402 349 762 3419
263 298 305 335 233 663 1028 267 127 499 2092
2664 3175 2668 3328 2340 6549 8065 2962 1321 3328 16938
4326 3930 3928 5549 3442 9630 12555 4162 2133 4428 26263
4556 4350 3982 5137 3253 10373 12023 4472 2118 5561 26561
1551 1443 1387 1856 1074 3333 4117 1461 718 1888 8742
2921 2772 2623 3358 2068 6331 8260 2907 1360 3467 17502
3501 2851 2772 4082 2606 6837 7579 3729 1716 3021 17214
748 701 784 896 523 2222 2201 868 283 1061 5035
3505 3121 3208 3648 2804 7210 9306 3658 1533 3465 19454
6446 5014 5632 7651 3772 13746 14368 6646 3084 5952 33144
5855 6022 4828 6144 5503 13146 17366 6014 3362 6715 35385
1510 1703 1235 1674 1477 3253 4313 1479 856 1686 9069
6723 6794 5464 8430 4373 15056 17746 6733 3241 7058 39402
3513 3025 3058 4327 2087 7322 8696 3369 1651 3778 19382
6782 5945 6125 8400 4166 14495 16749 6714 3137 7277 37699
912 832 857 1116 614 1873 2462 876 448 1058 5278
4224 6203 3514 5737 5648 9038 13476 5611 2057 6359 25306
910 927 940 1077 732 2172 3073 946 413 1396 6311
1084 1054 1050 1354 800 2450 3127 1081 458 1569 6726
4514 3949 4569 5039 3398 9878 12441 4396 1997 5616 26190
2732 2705 2434 3260 2290 5479 6966 2751 1417 2840 15145
3796 3585 3643 4556 2892 8043 10139 4381 1796 4285 21643
3089 3045 2936 3697 2368 7458 8859 3141 1688 3811 19423
1643 2027 1430 2068 1845 3853 5138 1952 967 2119 10737
888 992 876 1055 906 2059 2776 1024 480 1066 5736
1091 1105 960 1240 1036 2391 3066 998 482 1112 6334
3497 3386 3150 4261 2374 8651 8253 4119 1924 5264 20047
9638 8309 8509 11938 6738 21041 24137 9624 4542 9509 53384
4360 4292 3903 5484 2980 9257 11107 4755 1920 4780 24898
644 819 611 724 821 1616 2267 769 460 937 4573
744 737 733 802 726 1726 2114 754 381 910 4550
1788 1562 1440 2125 1352 3704 4581 1679 597 2375 9727
3830 4211 3258 4471 3549 8718 11362 4411 2062 4505 24014
1620 1768 1666 2060 1329 3743 4658 1759 899 2144 10068
4211 3561 3560 5310 2970 8848 11415 4298 1860 4674 24170
3675 3661 3319 4581 3230 7972 9931 3760 2132 4574 21502
1998 945 2134 2176 951 3709 3352 1944 534 1552 7935
476 386 496 541 297 1035 1348 399 186 666 2886
1327 1727 1126 1336 1035 2436 3483 1498 851 1319 7263
2983 2454 2419 3292 1796 6008 6818 2536 1145 3493 15232
5424 4426 4845 6035 3234 11556 13849 5228 2141 5656 29925
1093 1117 1085 1284 920 2485 3194 1118 668 1409 6713
4113 2981 3342 4694 2143 8031 9646 3694 1419 3671 21386
10665 9211 10047 12756 7283 22741 26234 10912 4941 12815 56936
1647 1773 1711 1822 1407 3580 5209 1643 609 3158 10494
2651 2836 2599 3111 2185 6472 8460 2757 1354 4110 17490
3867 3619 3617 4671 2771 8674 11254 3823 1813 4985 23516
4558 3835 3510 4946 2967 9042 10870 4361 1890 4435 23555
1531 2256 1361 2058 1851 3900 5546 1635 921 2563 11296
4903 4220 4543 5822 3184 10229 12240 4845 1900 6240 26434
1051 1199 954 1230 1014 2381 3191 1116 531 1520 6554
8532 11612 9868 11619 13494 20901 35781 9410 4954 13931 63334
3288 3389 2969 4008 2793 7102 8295 3631 1466 3896 17906
345 333 376 431 300 809 1048 341 135 524 2223
1665 1865 1502 2067 1429 3542 4923 1702 859 1964 10511
1033 1021 1010 1276 917 2193 2885 1062 488 1346 6214
1137 1097 1028 1312 1014 2552 3399 1158 543 1296 6990
5272 4251 4623 5628 3683 10734 11686 5266 2209 5095 26296
1768 1784 1499 2049 1284 3753 4476 1800 834 2006 10248
2997 3010 2628 3795 2207 6492 8901 2934 1509 3466 18657
575 534 589 693 510 1258 1626 575 240 748 3389
3215 2700 2634 3577 2132 6418 7676 2917 1411 3398 17021
4762 4418 3255 4407 4221 9096 12902 4251 2066 5285 25489
1537 1538 1287 1764 1248 3367 4446 1602 774 1758 9376
396 435 424 467 400 948 1357 387 176 676 2789
1349 1231 1477 1529 1127 3307 3549 1350 699 1786 8158
1728 1672 1541 2003 1202 3839 4674 1698 931 1855 10268
6811 6059 5693 7961 4753 14338 18640 7156 2853 8008 38602
3843 3635 3645 4534 3101 8506 10675 4007 1984 4497 22144
