3088 2766 1857 3800 1844 6289 6756 2904 1414 3138 15853
6320 5668 4485 7136 2479 12785 13167 5198 2587 6478 33055
1872 1554 1291 2203 1016 3556 4054 1479 732 1837 9333
3538 3053 2422 4150 1862 7787 8125 3425 1649 3518 19392
223 100 341 303 102 756 601 209 51 289 1593
2588 2468 2174 3080 2042 5669 6908 2611 1282 3203 14871
5936 5134 5144 7683 2893 12207 13742 5034 2216 7775 32713
369 190 384 405 139 622 697 325 68 356 1646
246 212 281 322 167 589 848 281 106 431 1794
2035 1450 1535 2265 980 3981 4019 1746 811 1780 9693
331 181 369 406 141 710 784 245 114 426 1869
505 406 369 631 300 1111 1379 475 222 708 3023
380 257 303 465 183 764 978 289 122 504 2177
18004 19025 15545 21318 14900 36285 57418 18346 9210 23249 111668
2521 2180 1548 3073 1204 5114 5036 2491 1010 2378 12689
2908 2684 2398 4581 1374 6279 7165 3860 1039 4569 16874
2079 1909 1982 2491 913 4153 4727 1749 696 2521 11393
1722 1502 1734 2342 1110 3749 4694 1728 877 1889 10202
1350 1263 1070 1666 815 2762 3208 1342 519 1544 7534
2538 2212 2460 3197 1188 5365 5331 2481 933 2828 13282
